1.0
0.9999999999999996
0.9999999999999998
0.9999999999999999
1.0000000000000007
1.0000000000000016
1.000000000000001
1.0000000000000018
1.000000000000002
1.000000000000001
1.0000000000000016
1.0000000000000024
1.0000000000000033
1.000000000000003
1.0000000000000038
1.0000000000000029
1.0000000000000027
1.0000000000000047
1.000000000000004
1.0000000000000047
1.0000000000000038
1.0000000000000047
1.0000000000000056
1.000000000000005
1.0000000000000053
1.0000000000000064
1.0000000000000064
1.000000000000006
1.0000000000000067
1.0000000000000064
1.0000000000000078
1.0000000000000075
1.0000000000000087
1.000000000000009
1.0000000000000084
1.0000000000000087
1.000000000000009
1.0000000000000087
1.0000000000000089
1.0000000000000095
1.0000000000000102
1.0000000000000109
1.0000000000000113
1.0000000000000109
1.0000000000000115
1.0000000000000104
1.0000000000000109
1.0000000000000109
1.000000000000012
1.000000000000013
1.0000000000000135
1.0000000000000135
1.0000000000000138
1.0000000000000142
1.000000000000014
1.0000000000000127
1.0000000000000129
1.0000000000000149
1.000000000000014
1.000000000000016
1.0000000000000158
1.0000000000000153
1.000000000000016
1.000000000000016
1.0000000000000164
1.0000000000000164
1.0000000000000175
1.0000000000000184
1.000000000000017
1.000000000000018
1.000000000000017
1.0000000000000184
1.0000000000000193
1.0000000000000187
1.0000000000000202
1.000000000000019
1.0000000000000204
1.0000000000000195
1.0000000000000195
1.0000000000000202
1.0000000000000209
1.0000000000000222
1.0000000000000224
1.0000000000000222
1.0000000000000222
1.0000000000000215
1.000000000000023
1.0000000000000224
1.000000000000023
1.0000000000000233
1.0000000000000235
1.0000000000000229
1.0000000000000238
1.000000000000024
1.0000000000000249
1.0000000000000246
1.0000000000000242
1.0000000000000258
1.0000000000000258
1.0000000000000249
1.0000000000000266
1.0000000000000266
1.000000000000027
1.0000000000000273
1.0000000000000284
1.0000000000000273
1.0000000000000269
1.0000000000000282
1.0000000000000286
1.0000000000000284
1.0000000000000289
1.0000000000000298
1.00000000000003
1.0000000000000286
1.0000000000000295
1.0000000000000304
1.00000000000003
1.0000000000000302
1.0000000000000318
1.0000000000000309
1.0000000000000324
1.000000000000032
1.0000000000000313
1.0000000000000318
1.0000000000000318
1.0000000000000338
1.0000000000000333
1.0000000000000342
1.0000000000000349
1.0000000000000324
1.0000000000000344
1.000000000000033
1.0000000000000353
1.0000000000000349
1.0000000000000346
1.0000000000000364
1.000000000000035
1.0000000000000369
1.0000000000000357
1.0000000000000382
1.0000000000000386
1.0000000000000357
1.0000000000000366
1.0000000000000384
1.000000000000037
1.000000000000037
1.0000000000000386
1.0000000000000393
1.0000000000000382
1.0000000000000386
1.0000000000000393
1.0000000000000397
1.0000000000000406
1.00000000000004
1.0000000000000395
1.0000000000000402
1.0000000000000413
1.0000000000000395
1.0000000000000417
1.0000000000000424
1.0000000000000417
1.0000000000000426
1.0000000000000435
1.000000000000043
1.000000000000043
1.0000000000000426
1.0000000000000437
1.0000000000000433
1.000000000000044
1.0000000000000446
1.000000000000044
1.0000000000000449
1.0000000000000453
1.0000000000000449
1.0000000000000469
1.000000000000047
1.0000000000000469
1.0000000000000469
1.000000000000046
1.0000000000000475
1.0000000000000475
1.0000000000000477
1.0000000000000464
1.0000000000000475
1.0000000000000486
1.000000000000048
1.00000000000005
1.0000000000000482
1.00000000000005
1.0000000000000502
1.0000000000000488
1.0000000000000504
1.000000000000051
1.0000000000000495
1.0000000000000508
1.0000000000000513
1.0000000000000513
1.0000000000000522
1.0000000000000515
1.000000000000053
1.0000000000000524
1.0000000000000522
1.000000000000054
1.0000000000000546
1.0000000000000535
1.0000000000000553
1.000000000000054
1.0000000000000548
1.0000000000000546
1.0000000000000557
1.0000000000000553
1.000000000000057
1.0000000000000557
1.0000000000000562
1.000000000000056
1.0000000000000566
1.0000000000000584
1.0000000000000575
1.0000000000000564
1.0000000000000582
1.000000000000058
1.0000000000000568
1.00000000000006
1.0000000000000575
1.000000000000059
1.0000000000000606
1.000000000000059
1.0000000000000597
1.0000000000000608
1.0000000000000602
1.0000000000000593
1.0000000000000604
1.0000000000000604
1.0000000000000608
1.0000000000000608
1.0000000000000626
1.0000000000000613
1.0000000000000613
1.0000000000000622
1.0000000000000626
1.000000000000061
1.0000000000000626
1.0000000000000617
1.0000000000000637
1.000000000000065
1.0000000000000644
1.000000000000065
1.000000000000064
1.0000000000000662
1.0000000000000666
1.0000000000000646
1.000000000000065
1.0000000000000648
1.000000000000065
1.0000000000000668
1.0000000000000668
1.0000000000000668
1.000000000000068
1.0000000000000655
1.000000000000069
1.0000000000000688
1.0000000000000675
1.0000000000000693
1.0000000000000682
1.0000000000000684
1.0000000000000695
1.0000000000000697
1.0000000000000717
1.0000000000000715
1.0000000000000704
1.0000000000000715
1.0000000000000715
1.000000000000071
1.000000000000073
1.0000000000000726
1.0000000000000708
1.0000000000000737
1.000000000000074
1.0000000000000717
1.000000000000074
1.0000000000000735
1.0000000000000744
1.0000000000000746
1.0000000000000737
1.0000000000000742
1.0000000000000748
1.0000000000000744
1.000000000000075
1.0000000000000755
1.000000000000078
1.0000000000000766
1.000000000000077
1.0000000000000782
1.0000000000000766
1.0000000000000795
1.0000000000000762
1.000000000000078
1.0000000000000802
1.0000000000000782
1.0000000000000784
1.0000000000000793
1.000000000000079
1.0000000000000788
1.0000000000000804
1.0000000000000784
1.0000000000000817
1.00000000000008
1.0000000000000808
1.000000000000082
1.000000000000081
1.0000000000000826
1.0000000000000824
1.0000000000000802
1.0000000000000844
1.0000000000000813
1.0000000000000828
1.000000000000084
1.000000000000083
1.0000000000000844
1.000000000000085
1.0000000000000862
1.0000000000000837
1.000000000000085
1.0000000000000837
1.0000000000000837
1.0000000000000848
1.000000000000086
1.0000000000000853
1.0000000000000877
1.0000000000000848
1.0000000000000866
1.0000000000000862
1.0000000000000882
1.0000000000000875
1.0000000000000873
1.0000000000000857
1.0000000000000882
1.0000000000000875
1.000000000000088
1.0000000000000875
1.0000000000000875
1.0000000000000895
1.0000000000000908
1.000000000000091
1.0000000000000897
1.000000000000091
1.00000000000009
1.000000000000091
1.000000000000092
1.0000000000000897
1.0000000000000913
1.0000000000000906
1.0000000000000926
1.0000000000000908
1.0000000000000915
1.0000000000000933
1.0000000000000924
1.0000000000000924
1.0000000000000948
1.0000000000000937
1.0000000000000955
1.0000000000000937
1.0000000000000944
1.000000000000095
1.0000000000000957
1.0000000000000948
1.0000000000000966
1.0000000000000968
1.0000000000000968
1.0000000000000975
1.000000000000097
1.0000000000000973
1.0000000000000977
1.000000000000096
1.0000000000000981
1.000000000000098
1.0000000000000984
1.000000000000098
1.0000000000001008
1.0000000000000973
1.0000000000000981
1.0000000000000993
1.0000000000001015
1.0000000000000993
1.0000000000000984
1.0000000000001013
1.0000000000001006
1.0000000000001024
1.0000000000001037
1.0000000000001004
1.0000000000001026
1.0000000000001026
1.000000000000102
1.0000000000001024
1.0000000000001024
1.0000000000001024
1.0000000000001044
1.000000000000104
1.0000000000001041
1.0000000000001048
1.0000000000001052
1.0000000000001061
1.0000000000001041
1.0000000000001055
1.0000000000001057
1.000000000000106
1.0000000000001066
1.0000000000001057
1.000000000000108
1.000000000000107
1.0000000000001068
1.0000000000001077
1.000000000000109
1.0000000000001097
1.00000000000011
1.0000000000001086
1.0000000000001097
1.0000000000001092
1.0000000000001086
1.0000000000001092
1.0000000000001088
1.00000000000011
1.00000000000011
1.0000000000001117
1.0000000000001115
1.0000000000001104
1.000000000000111
1.000000000000112
1.0000000000001106
1.0000000000001124
1.0000000000001135
1.0000000000001124
1.0000000000001132
1.0000000000001126
1.0000000000001146
1.0000000000001112
1.0000000000001132
1.000000000000116
1.0000000000001146
1.000000000000116
1.000000000000116
1.0000000000001148
1.0000000000001146
1.0000000000001164
1.0000000000001155
1.0000000000001161
1.0000000000001177
1.0000000000001161
1.0000000000001175
1.000000000000117
1.0000000000001186
1.0000000000001177
1.000000000000119
1.0000000000001168
1.0000000000001206
1.0000000000001208
1.0000000000001195
1.0000000000001197
1.0000000000001183
1.0000000000001212
1.0000000000001192
1.0000000000001212
1.0000000000001201
1.0000000000001195
1.0000000000001212
1.0000000000001212
1.0000000000001212
1.0000000000001212
1.000000000000124
1.0000000000001221
1.0000000000001212
1.0000000000001237
1.0000000000001223
1.0000000000001226
1.0000000000001243
1.0000000000001252
1.0000000000001248
1.0000000000001248
1.0000000000001252
1.0000000000001252
1.0000000000001232
1.0000000000001257
1.0000000000001246
1.000000000000126
1.000000000000126
1.0000000000001243
1.0000000000001272
1.0000000000001266
1.000000000000126
1.0000000000001266
1.000000000000128
1.0000000000001266
1.0000000000001268
1.0000000000001281
1.0000000000001286
1.0000000000001288
1.0000000000001303
1.00000000000013
1.000000000000131
1.0000000000001303
